7.421606 43.738358
7.42171 43.738366
7.422122 43.738393
7.422375 43.738411
7.42252 43.738426
7.422743 43.738445
7.422804 43.738451
7.422854 43.738455
7.422913 43.738463
7.423001 43.738477
7.423033 43.73848
7.42306 43.738472
7.423089 43.738472
7.423117 43.738479
7.423134 43.738489
7.423147 43.738501
7.423155 43.738517
7.423157 43.738534
7.423152 43.738551
7.42314 43.738566
7.423123 43.738578
7.423102 43.738585
7.423078 43.738588
7.423054 43.738586
7.423012 43.738665
7.42294 43.73893
7.4229 43.739026
7.422853 43.739095
7.422819 43.73914
7.42249 43.739375
7.422419 43.739429
7.422531 43.739463
7.422542 43.739466
7.422861 43.739568
7.422958 43.739601
7.423136 43.739658
7.423734 43.739853
7.423857 43.739901
7.423934 43.73994
7.42404 43.739962
7.424289 43.740088
7.424379 43.740122
7.424431 43.740152
7.4246 43.74033
7.424847 43.740611
7.424933 43.740669
7.425014 43.740682
7.425064 43.740802
7.425086 43.740853
7.425156 43.740959
7.425184 43.741024
7.425192 43.741053
7.425189 43.741081
7.425172 43.741106
7.425145 43.741123
7.425207 43.741191
7.425266 43.741256
7.425222 43.741276
7.425206 43.741286
7.425182 43.74131
7.425182 43.741338
7.425195 43.741365
7.425214 43.741383
7.425284 43.741437
7.425485 43.741623
7.425732 43.741786
7.425923 43.741945
7.425979 43.742021
7.426082 43.742209
7.426142 43.742271
7.426068 43.742316
7.425994 43.742361
7.425856 43.742451
7.425763 43.742514
7.425517 43.742692
7.42553 43.742727
7.425556 43.742759
7.425776 43.742938
7.426074 43.743176
7.426221 43.743292
7.426249 43.743313
7.426394 43.743434
7.426583 43.743587
7.427047 43.743903
7.427082 43.743923
7.427168 43.74397
7.427271 43.744017
7.427306 43.74404
7.427339 43.744076
7.427393 43.744149
7.427422 43.744202
7.427437 43.744251
7.427499 43.744388
7.42757 43.744502
7.427614 43.744586
7.427617 43.744631
7.427597 43.744654
7.427552 43.744664
7.427498 43.744664
7.427372 43.744657
7.427246 43.744636
7.427205 43.744623
7.42717 43.744602
7.427108 43.744519
7.4271 43.744511
7.427088 43.744505
7.427077 43.744499
7.427063 43.744497
7.426979 43.744523
7.426938 43.744491
7.42689 43.744455
7.426787 43.744336
7.425743 43.743408
7.425516 43.743215
7.425385 43.743098
7.425177 43.742914
7.424934 43.742713
7.424663 43.742484
7.424538 43.742379
7.424441 43.742306
7.424343 43.742232
7.424324 43.742192
7.424336 43.742133
7.424402 43.742046
7.424528 43.741887
7.424585 43.741851
7.424747 43.741749
7.4249 43.741652
7.425051 43.741559
7.425087 43.741536
7.425054 43.741503
7.424884 43.741333
7.424709 43.741123
7.424644 43.741044
7.424634 43.74097
7.424674 43.740933
7.424771 43.740885
7.424825 43.74086
7.424886 43.740832
7.42458 43.740487
7.424485 43.740381
7.424384 43.740268
7.424295 43.740188
7.424295 43.740158
7.424305 43.740137
7.424335 43.740125
7.424379 43.740122
7.424431 43.740152
7.4246 43.74033
7.424847 43.740611
7.424933 43.740669
7.425014 43.740682
7.425041 43.740682
7.425122 43.740676
7.425197 43.740657
7.425476 43.740505
7.425504 43.74049
7.4256 43.740445
7.425508 43.740302
7.425558 43.740275
7.425586 43.740258
7.425761 43.740164
7.425884 43.740102
7.426033 43.740018
7.426187 43.739934
7.426328 43.739855
7.426343 43.739845
7.426544 43.739736
7.426757 43.739623
7.426904 43.739545
7.426963 43.739515
7.427065 43.739471
7.427175 43.739488
7.42718 43.739513
7.427187 43.739537
7.427198 43.739564
7.427211 43.739591
7.427253 43.739656
7.427297 43.739712
7.427402 43.739815
7.427496 43.73991
7.427515 43.739929
7.427647 43.740058
7.427754 43.740167
7.427839 43.740252
7.427891 43.740304
7.427926 43.740336
7.428062 43.740465
7.428404 43.740796
7.428633 43.741019
7.428677 43.74106
7.428704 43.741084
7.428723 43.741095
7.428744 43.741103
7.42878 43.741111
7.428812 43.741112
7.428853 43.741108
7.428886 43.741103
7.428925 43.741094
7.428956 43.741082
7.428993 43.741062
7.429026 43.74104
7.429055 43.741013
7.429077 43.740991
7.429091 43.740968
7.429105 43.740941
7.429115 43.740904
7.429119 43.740861
7.42912 43.740806
7.429126 43.740753
7.429132 43.740726
7.42914 43.740706
7.429153 43.740679
7.42917 43.740654
7.429192 43.740625
7.429222 43.740591
7.429258 43.740554
7.429314 43.740495
7.429349 43.740459
7.429375 43.740434
7.429397 43.74041
7.42943 43.740371
7.429458 43.74033
7.429473 43.740301
7.429483 43.740277
7.429497 43.740257
7.429513 43.740239
7.429538 43.740221
7.429562 43.740211
7.429585 43.740206
7.4296 43.740205
7.429618 43.740206
7.429639 43.740209
7.429664 43.740216
7.42969 43.740226
7.42971 43.74024
7.429723 43.740252
7.429736 43.740269
7.429744 43.740286
7.429747 43.7403
7.429746 43.740314
7.429743 43.74033
7.429735 43.740349
7.429723 43.740363
7.429696 43.740384
7.429652 43.740419
7.429605 43.74045
7.42956 43.740484
7.429517 43.740524
7.429395 43.740643
7.429355 43.740682
7.429333 43.740704
7.429317 43.740726
7.429306 43.740746
7.429298 43.740767
7.429295 43.740786
7.429296 43.740806
7.429305 43.740831
7.429317 43.740855
7.429335 43.740875
7.42935 43.740888
7.42937 43.7409
7.429399 43.740912
7.429527 43.740952
7.429643 43.74097
7.429687 43.740978
7.42977 43.741002
7.429806 43.741015
7.429839 43.741033
7.429876 43.741052
7.429914 43.741067
7.429965 43.741081
7.430021 43.741092
7.430033 43.741094
7.430093 43.741104
7.430127 43.741108
7.430183 43.74112
7.430237 43.74114
7.430251 43.741146
7.43029 43.741167
7.43033 43.741195
7.430371 43.741228
7.430402 43.741262
7.430424 43.74129
7.430432 43.741328
7.430439 43.741365
7.430445 43.741403
7.430446 43.741436
7.430441 43.741477
7.430462 43.741569
7.430509 43.741725
7.430527 43.741863
7.430538 43.741951
7.430558 43.742187
7.43063 43.742742
7.430645 43.742821
7.430659 43.742891
7.430676 43.742971
7.430708 43.743069
7.430774 43.743212
7.430852 43.743345
7.430981 43.743571
7.43117 43.743917
7.431255 43.744064
7.431469 43.744438
7.431783 43.745004
7.431805 43.745042
7.43183 43.745089
7.431845 43.745118
7.431848 43.745164
7.431869 43.745233
7.432012 43.745487
7.432078 43.745593
7.432271 43.745854
7.432316 43.745898
7.432393 43.745973
7.432524 43.746093
7.432751 43.746278
7.433185 43.746567
7.433413 43.74672
7.433517 43.746791
7.433606 43.746841
7.433872 43.747001
7.433958 43.747055
7.434091 43.747125
7.434212 43.7472
7.434377 43.747293
7.434643 43.74744
7.434827 43.747559
7.43488 43.747632
7.434871 43.747679
7.434853 43.747696
7.434824 43.747712
7.434782 43.747719
7.434737 43.74771
7.434696 43.747685
7.434183 43.747381
7.434112 43.747339
7.433961 43.747254
7.433813 43.74717
7.433735 43.747125
7.433386 43.746921
7.433313 43.746865
7.433252 43.746808
7.433155 43.746699
7.433128 43.746668
7.433089 43.746624
7.433032 43.74656
7.432972 43.746523
7.432803 43.74642
7.432788 43.746409
7.432621 43.746281
7.432499 43.746175
7.432448 43.746131
7.432361 43.74605
7.432326 43.746012
7.432301 43.745984
7.43221 43.745884
7.432118 43.74577
7.431984 43.745585
7.431939 43.745514
7.431781 43.745263
7.431713 43.745153
7.43167 43.745077
7.431335 43.744478
7.431183 43.744217
7.431054 43.743986
7.431036 43.743954
7.430638 43.743252
7.43056 43.743074
7.430514 43.742908
7.430503 43.742835
7.43049 43.742754
7.430419 43.742285
7.430408 43.742195
7.43038 43.741948
7.43037 43.741906
7.430352 43.741867
7.430328 43.741842
7.430287 43.741819
7.430231 43.741791
7.4302 43.741779
7.430163 43.741765
7.430124 43.741766
7.430078 43.741762
7.430032 43.741755
7.429949 43.741734
7.429906 43.741715
7.429861 43.741684
7.429827 43.741653
7.429792 43.741621
7.429765 43.74158
7.429739 43.741489
7.429744 43.741352
7.429725 43.741291
7.429711 43.741199
7.429709 43.741156
7.429703 43.741125
7.429692 43.741089
7.42967 43.741057
7.429628 43.741017
7.429527 43.740952
7.429399 43.740912
7.42937 43.7409
7.42935 43.740888
7.429335 43.740875
7.429317 43.740855
7.429305 43.740831
7.429296 43.740806
7.429295 43.740786
7.429298 43.740767
7.429306 43.740746
7.429317 43.740726
7.429333 43.740704
7.429355 43.740682
7.429395 43.740643
7.429517 43.740524
7.42956 43.740484
7.429605 43.74045
7.429652 43.740419
7.429696 43.740384
7.429723 43.740363
7.429735 43.740349
7.429743 43.74033
7.429746 43.740314
7.429747 43.7403
7.429744 43.740286
7.429736 43.740269
7.429723 43.740252
7.42971 43.74024
7.42969 43.740226
7.429664 43.740216
7.429639 43.740209
7.429618 43.740206
7.4296 43.740205
7.429585 43.740206
7.429562 43.740211
7.429538 43.740221
7.429513 43.740239
7.429497 43.740257
7.429483 43.740277
7.429473 43.740301
7.429458 43.74033
7.42943 43.740371
7.429397 43.74041
7.429375 43.740434
7.429349 43.740459
7.429314 43.740495
7.429258 43.740554
7.429222 43.740591
7.429192 43.740625
7.42917 43.740654
7.429153 43.740679
7.42914 43.740706
7.429132 43.740726
7.429126 43.740753
7.42912 43.740806
7.429119 43.740861
7.429115 43.740904
7.429105 43.740941
7.429091 43.740968
7.429077 43.740991
7.429055 43.741013
7.429026 43.74104
7.428993 43.741062
7.428956 43.741082
7.428925 43.741094
7.428886 43.741103
7.428853 43.741108
7.428812 43.741112
7.42878 43.741111
7.428744 43.741103
7.428723 43.741095
7.428704 43.741084
7.428677 43.74106
7.428633 43.741019
7.428404 43.740796
7.428062 43.740465
7.428104 43.740442
7.428161 43.740409
7.428268 43.740386
7.428334 43.740383
7.428414 43.740401
7.428499 43.740414
7.428603 43.74043
7.428698 43.740433
7.428779 43.74043
7.428853 43.740421
7.428903 43.740409
7.428931 43.740399
7.428942 43.740395
7.429001 43.740362
7.42908 43.740306
7.4291 43.740291
7.429167 43.74024
7.429217 43.740194
7.429259 43.740143
7.429268 43.740126
7.429274 43.740107
7.429298 43.74003
7.429342 43.739934
7.429368 43.739864
7.42937 43.73985
7.42937 43.73982
7.429312 43.739607
7.429306 43.739552
7.42931 43.739521
7.429338 43.739479
7.42939 43.739439
7.429414 43.739417
7.429427 43.7394
7.429431 43.739367
7.429424 43.739338
7.429418 43.739313
7.42937 43.739237
7.429311 43.739159
7.42917 43.739012
7.429122 43.738962
7.428955 43.738804
7.428935 43.738714
7.428843 43.738625
7.428716 43.738577
7.428746 43.738677
7.428794 43.738724
7.428838 43.738766
7.428955 43.738804
7.429122 43.738962
7.42917 43.739012
7.429311 43.739159
7.42937 43.739237
7.429418 43.739313
7.429424 43.739338
7.429431 43.739367
7.429427 43.7394
7.429414 43.739417
7.42939 43.739439
7.429338 43.739479
7.42931 43.739521
7.429306 43.739552
7.429312 43.739607
7.42937 43.73982
7.42937 43.73985
7.429368 43.739864
7.429342 43.739934
7.429298 43.74003
7.429274 43.740107
7.429268 43.740126
7.429259 43.740143
7.429217 43.740194
7.429167 43.74024
7.4291 43.740291
7.42908 43.740306
7.429001 43.740362
7.428942 43.740395
7.428903 43.740409
7.428853 43.740421
7.428779 43.74043
7.428698 43.740433
7.428603 43.74043
7.428499 43.740414
7.428414 43.740401
7.428334 43.740383
7.428268 43.740386
7.428161 43.740409
7.428104 43.740442
7.428062 43.740465
7.427926 43.740336
7.427891 43.740304
7.427839 43.740252
7.427754 43.740167
7.427705 43.740219
7.427673 43.740274
7.427577 43.740371
7.427481 43.74043
7.427437 43.74045
7.427104 43.740592
7.427061 43.740614
7.426996 43.740648
7.426922 43.740698
7.426871 43.740761
7.42684 43.740811
7.426824 43.740875
7.426822 43.740941
7.426836 43.741015
7.426867 43.741096
7.427017 43.74131
7.42704 43.741368
7.427043 43.74142
7.427023 43.741487
7.426986 43.741536
7.426932 43.741576
7.426873 43.741602
7.426877 43.741618
7.426876 43.741635
7.426867 43.741652
7.426853 43.741666
7.426833 43.741677
7.426812 43.741682
7.426791 43.741684
7.426775 43.741683
7.42676 43.74168
7.426735 43.741669
7.426717 43.741653
7.426707 43.741633
7.42665 43.741626
7.426584 43.741628
7.426342 43.74165
7.426333 43.74165
7.426072 43.741672
7.42598 43.741676
7.425903 43.741674
7.425833 43.741666
7.42575 43.741649
7.42568 43.741625
7.425612 43.741593
7.425555 43.741555
7.425498 43.741511
7.425447 43.741457
7.425387 43.74139
7.425318 43.741314
7.425302 43.741294
7.425266 43.741256
7.425207 43.741191
7.425145 43.741123
7.425108 43.741083
7.425071 43.741043
7.424938 43.740898
7.424886 43.740832
7.42458 43.740487
7.424485 43.740381
7.424384 43.740268
7.424295 43.740188
7.424146 43.740087
7.423998 43.739994
7.423934 43.73994
7.423857 43.739901
7.423734 43.739853
7.423136 43.739658
7.422958 43.739601
7.422861 43.739568
7.422542 43.739466
7.422531 43.739463
7.422419 43.739429
7.421907 43.739267
7.420994 43.738963
7.420522 43.7388
7.420449 43.738778
7.420368 43.738759
7.420203 43.738751
7.42009 43.738752
7.420004 43.738759
7.419987 43.738697
7.419991 43.738669
7.420056 43.738587
7.420073 43.738569
7.420127 43.738509
7.420193 43.738462
7.420293 43.738405
7.420358 43.738372
7.420434 43.738343
7.420592 43.73832
7.420711 43.738309
7.420851 43.738309
7.421136 43.738323
7.421606 43.738358
